210104, 210105, 210106, 210107, 210108, 210111, 210112, 210113,
       210114, 210115, 210119, 210120, 210121, 210122, 210125, 210126,
       210127, 210129, 210202, 210203, 210204, 210205, 210208, 210209,
       210210, 210215, 210216, 210217, 210218, 210219, 210222, 210223,
       210224, 210225, 210226, 210301, 210302, 210303, 210304, 210305,
       210308, 210309, 210310, 210311, 210312, 210315, 210316, 210317,
       210318, 210319, 210322, 210323, 210324, 210325, 210326, 210329,
       210330, 210401, 210402, 210405, 210406, 210407, 210408, 210409,
       210412, 210413, 210414, 210415, 210416, 210419, 210420, 210421,
       210422, 210423, 210426, 210427, 210428, 210429, 210503, 210504,
       210506, 210507, 210510, 210511, 210512, 210513, 210514, 210517,
       210518, 210519, 210520, 210521, 210524, 210525, 210526, 210527,
       210528, 210601, 210602, 210603, 210604, 210607, 210608, 210609,
       210610, 210611, 210622, 210623, 210624, 210625, 210628, 210629,
       210701, 210702, 210705, 210706, 210707, 210708, 210709, 210712,
       210713, 210714, 210715, 210716, 210719, 210720, 210721, 210722,
       210723, 210726, 210727, 210728, 210729, 210730, 210802, 210803,
       210804, 210805, 210806, 210809, 210810, 210811, 210812, 210813,
       210816, 210817, 210818, 210819, 210820, 210823, 210824, 210825,
       210826, 210827, 210830, 210901, 210902, 210903, 210906, 210907,
       210908, 210909, 210910, 210913, 210914, 210915, 210916, 210917,
       210920, 210921, 210922, 210923, 210924, 210927, 210928, 210929,
       211001, 211004, 211005, 211007, 211008, 211011, 211012, 211013,
       211014, 211015, 211018, 211019, 211020, 211021, 211022, 211025,
       211026, 211027, 211028, 211101, 211102, 211103, 211104, 211105,
       211108, 211109, 211110, 211111, 211112, 211115, 211116, 211117,
       211118, 211119, 211122, 211123, 211124, 211125, 211126, 211129,
       211201, 211202, 211203, 211206, 211207, 211208, 211209, 211213,
       211214, 211215, 211216, 211217, 211220, 211221, 211227,
       211228, 211229, 211230


 211224는 문제가 있어서 제거